5067341383554233531922965595564523869110236398792567880637265106071323772270191019176798167961876654266251907400174272365134260502789232403079262924981786149514318670813941233247278115793407428935542530346461895786592908148943420024468813721352401844978579362371565
5838841146197773647117333063412304473410107295880672174110987537308156255524308758978650166382168191104859476035121871423480258916211851794425521090318337964100683577719984112864740255655466558510891458105269040968894048987674171478860560265597280134768210088215418211661097
55208772001775543893074868711887907615256043211787133212140444103337705338299758595846083968829908487743926400410656508183437712081736635725207066653940329030960974181551144183423209563582811953640647976205167421186321441006617261667332398899052682938864541044410588551787017785643955792927661
906582366985992675249484825270233862808167356621320886321752632823589902067368735693506467929288428739299313402232484839747060796453376896187776180216269929067362932808983079426314367329671355688614920003834607707575450418809336984683548096502759344136690456446906140361
53528306522972537841252566137739466744612384936280495232604214897128298519002560797595351211890364569557224256399265133751137157360184772765237122226972480652277522054057552049037595383729547888177031915567606189013617132959974670053682975429137861610944929011015477961471056
2859871966406553125089580393168942910266099610862638845282166041924129033626508009721675364129773924269963099897986797949513312482495996940301135398890330362015665691198857608176250170920567344005548779512290653071745495464111565852021532521988360188306919864025760990369210684
32569011961654583884271935724462806828431504677473649359982748279084289467771924991075941018851850829048598097542673951163083953241102613986106099263471934915741954763198479409611248880219187500641990577140371865835660204819801016710098022667824632036932842371164461539
25756480594366154216001931252214477037390919109626720461104523424363603030604276190107633102943952062304805340296886876598066821334018073815700314212088173540607637497025033311623302363068620215070106692798822086283589279923937589470181824166540873081114442129087189407
1806688506055019759998195648591717443811424502601301306613590382179072034105555065150439072746909481704809296155250013988265467319053805531131719891464644871564356171590525389048696083992003887971786885191586542889012029793878850477092904837337523389505625875827441371266003384972456384903551
5835600563286762885782979378304863937948996828189791762625490801460840655671966304161630430850199741731289537776760237123251658424343703922941334447106371937685686723505910938753543588054845147135769381443757889427750493400201299230589407378800789506324333670522214345
66808102253525936068963440609649080880299149739860267378543485087833491176419614582255224764940312071634888557268061201176022463539268013759490252945599275693577883478269534515139899113386563334957496539525149915949775376383571469211653638046065293483534027907448903319378439635526
0891914671893925758648027152538339727217862987531292087874525582681518378209742430966858310615155475464313556963958400961592067080308395077807230059262751712724339517729115031319893223346984166451503144035619435405342229373497653733439824818890105821859065707031993282277187600
45065670614537963253240979775156933016786175750039021434994004699030969760429906092220408624525249609321779886813304030436692332673768590860461553167766231900495851940812108970234576975853139699149048295832702550954582923103035110096279999374588841340092460118093305
7555664055214057723457571436968584385768477259969415875151212634484839737431879071453899312859871530290243108010028280633620053576732133641188404511075758242830195925179774532361240948165515685883400014975264611454320382659369917442211852177133080747815643197336957624750912
1315906504968768414861756614731487697333382017221370959253178605737477948391386022506068036320067017191075370508185505195748857335658569346294188803321202564617399490817611762525437667556762280274707193024987006763631779726317851060438270821136243786662736571804748476400702208519903
074274648692924829050128887354809726350772322311375780891196100535361255680079997112384309307790466640540033719236778239077123530677101042263421884984233332394843050202843825271874115211500369935179010707745365509745836132754198798149606406694090904058823532884866061638193953
07961424364872984302646184322744914306998505853597384322448726475023697636612332114382488920171475204860251039504249304604046211049407892388561843389706694208595624521009038369518332225304830090393035969978836160968050835628896002674007202137899684958366934330388324191852938936
5602640788193419944459890835069446926497455723729344484828221297253235060389363555562313097157242145846779065023482669215405978840813262762595969302955492361305040380898733984624832298923797264945245921566290203345012884194372977684748871290592286410043829810656534588025334946
709905746056493169280501614551422152897775731714638058870993489023535233545151341156272704868302793180614927043814018567095266976691854677723889848805787670448114095697171085449950109435348863127445197812240019905543965378485985481625432153945885514666770767741
7787343756455011831902118733028140106062424217537533888531557150086167990395498191739627022450098998195954906004172014746562375032240489125393382078550948913029669696841347250732584994146898432886736586026053807024287993178752148924992260876328974270397601208468392591
46917994892601805402575297884778530614374328744544284644510679192088891440620015996054356487382593808175181291412384275666970333053409136250604277389361793602434764669899060214383390971652048341499289640459858322279022475353784537512238616682672277633612779911448655135806
6499286134516347798259220314392894544734716651924379766922423818824684671682236091785679953488257260694967331115835956635061090292492345779912264551569422731744187168830479834026845548805746734567249184010145592403353241271197217360941332630483869388194471654567456893567746937623040
021237347967691831455353384820065435905399559175519726559851895442392417674602336726154109294028213945330522545792671285214755579643544906680574111535556760285781305137768779441320859815942842663481439707215685100383914197024246512539448759823328089993725667
5577245340480079120284937028246289355609087311880029420413204911020796069519842777875131936500079788616380694622001745097072245526122034448713711500772407457924480280056607114170388455085366508219231187115588891635252668020382845323333059100261015451824733535056965618259821264
040466743192696161263605801449316104189264788360676480100329371694089010770155398150617534167847789225587615327931706862087459254590658154445643588985081600488815982776901963197649886342226371691359478405474320656623062879555983616106609915310847995739496115599207
753203518499909561212920159571678993927146881469990959776202578736773572944495008697643669928520904120661159593590678933926458164144520084452380186954461602390902907044597066728429162935282027053537343247883246598742360497823835594949776192120687739850930508143733195206310263
043844048613048384799728169059495595066992244570627264713353043986378727609574251534945610000936718593910606922232762022093718074787281439157602902675587384277767025086793103346005188645459277576977627410089526652245433521905016955211446781942375855971039071279037863312
251440152256550562268664458331751848515490002206874746339598425032423707122715470973256778331452926726980103538795930333976043230511753204570814080223818335619079381391772202008822158941455030699833449768109676124640833227763695606637259690070912084720772972833318287454
910452276682956143614368456035242604724357576640537337892559965523630554750661953511216488398084713624082224049375205469053733354263226120161203732753354960941550495208678993257712196928547556075573532885540636114111190695792558209021615566422127541246038211136315099137016588075365197212
06223863808345643747093213357948786153530869000614257725260607649101769602507546748953436099944281295349606525511225460446496163061999521566063531550591505160132795724537001044608656129975894245767777238228406297666671130818110157402492289991506166763330277091815046504685943581027
73443366414900971200051276024192219975030711449105800045966883790153821975274642048373698383324864270302571644241575661092270581537433570275715296598677592585631333248649736952764624785981566943281770252960104061680499576649363610705333506093930416084061797052493720574010984
6404103914128402199690485225925478005413383657607302051332153490897686471714609698004854564877222962910245583471674532887187075026214156715601632365644072331880112392820349355512760919544945418363035874990599365855997937435036351988289315492149858061462250766912484624133965626
3344331890360665325663678531046690842592619688362624980321262748594842825300469686689853409242567221537871253473967191805244303470219464456365140753660492760780438152392892917496816768573592288285212409760581146948431549962495237291737479900619635974384114555972291814671289
44254794521109540447842491687646162078432738709058363458003629837704993567404014279428292194235536482303217651686673759900626529011924694820793284167735032811306269541022040955090112947613221820169492699891187966137522402099592586767628232829222734387152054571815603440929521113463771726
68408329981940981744159274017621780242553394877305456827312644230319769979931621598167451014550000612732967657104277693643417034814660265241496808902907802002704848093350826188488411778321002026618951712095951708375033620879681002293401801427231984599061933003315985
560569349780767301601570130145202328845365253947621867508663537882482730597304661432058889197506350898595376541118171489961685304616608697829971589072091036699656288613976149450682073827806289647094967277761372437015338403655365332502999016253783450077615486992580021500121145
169519645992875537290004615649118240297578610147322585318643802704384872880903281004724994866020739456714155858724207027938911309820454671312022660999906643895117649752664988030457298000948282154964954228441536177859498957463985069080159677880186942003113650
008559632904515114421010231087595124203392292917324188833177798375459843284620340335449887103595178321388447633544274272098390051721909435251718543468193752192942513652261426052221575371957152286785387719587729048425271882785389744106242028068182317139562837
5734432229234683027256241002914834985393714130600406767122098834190545848023848595188470165548681427971193955730926694216769249291312993722671694542297152683697693837743706390806988888637909806089815273454135982501233693052695879412879729480736111430467815366980
1766038798399983228908853890403707235325919391977245860799810754146320193896856680351841325660608022165410812102102760464484300815852035407411528185791652267177751888081755618251035832625599048431698794614311144477925478875688752765499353770311147945441302062727588
196233114912096067488891373862047170438702389854216802421831771733638337801673652303222453842835321283319410985163417129418043670722475500293760738228035780588017195604221565893870253660678171149900692022096283622075447885026366945284367730866756735875297018856514817384159592320099123565073658816006809
5406530805062534822989522144842636190135376296746722205193879243288155899824399779737718071746123910735283725897084171323630021894771126101164666261503192401238098874304706114258977195379148913020963345349489595944869623449608225466288213812858538789214823195994686677876681827777
33772390218165480929412177061865692286121081085315436115098009671453073021271753689871952371178965720702347879212658773355041013039725520540924144205582341338136087350759853474830220737948768062090294779204973898997392521011804012359898321391816040613721638057543
0919180822585878393179195479057605964622260337085266296359157677671684185035166976476487882776878703370094994845154376805175808138558410694416760983593803825857579536731578854587839221887804620037180052186433767209409058124487720901850682225744904300949071163363787404873
479849304201415564162821794531936118118197963152434069766971330666577398030821839758627512844153005171445881988992472590504786667698520892620306260730118469231150935971736436222019275687501110771040256155046235157519369634281287521349055115706797010948861589181318114730952277739142396030
29896099028752420594651058332689442486393838928266478793849637675132418227805625124425293823330067276573113595080620146230441209746860577906406627836927288309525770944017293798193337261831720950162951914645610519733119962779349758149014204217440225633383295358
5300864347125249958029631674372738910225442008125706876908402639298494889526175993555717548858630315875674619984998962114262414469963111148580165247742705844776819429083227260833849762446246842810259368334926654273268454243037623635021310309512676088930315151244
07866323852598997143752612437114535686160540738961940760267601767104731232576059875417433695278655009073592631277107166398862210083364040337502930981752059151461929836744753259957598671783409815487145255594099814913773153269618514121193360574552801126379091965170012771632660426968478977895700712
94535395886020796468800975475561984051533611780610068254876036894077675755725497836606766668893378576627905293066712834146678955733499983396436426661173661653445266950662964932087620986125095322164696101319413831035728234619227952734202179357544543086564406331114034491479274
540312835279227873316946475509026612218048449254885796640222799130195710800509954542545617146186914263397977999740334338038050238121399989846318336821225922790604651411020525165079496894071090189639015570105806557149562247274774018585790548717383333627567173134153886343151135699
35289032133974808955841153594644167561163417543139537163095845322292608741566673103218829399446964833096631421880345288210137479809102485919604963260829970682268851459884898739729563991155315633593925581178439285156485891565620101113906936358963137857150622505805010443261721796315338862717030577
278680191797575501829177119456002027141749651416699080718768474333031737599907637552625470014817818532229958352200004109353494375515495607036806141351838607830241978658534565785040066016556633429674955175218793615358660705054655940865321669566330533754609903113
36984074601035622451489664586349040087777544683155853339661899889948627447999191536204814644274486624974967165330815746387044463542968060816659313467780081757984808282306692322703197229843361829973297907542956228095367631673650181352510263860734266041888081367174381313988
193026351675312609079042475909469944618639731577107757977158249236117949712539388926455352651419593714001786477882664784972575953481233815665019559423221375509968084969251056940565395086983903090509563107675606299526823753248365762179286561289341892964089664266669433328
165914086351948323679703123317730811875656144982623312675598522782193526987643260162763480411152472011561615281239140192977993275769744598004936865763771374193133046925911733388173857960450925602630732026410276657601934383485546738879881387889458760467083386381438183814198388546495984192
167518794245633361462550610668348050270274233804452998453681978109587894473973114241703719073971931199394852479730284103211447779773911968298282003468156922373370917381847854794354171896509451153384524388050038881711731377680566803446465693207817240494620156557264280544707763976049576976142
85344903114489938024447919223734384533042720443951373824173633925934161531599527484223625371735389294382048265536076018236252802024568262371262596322781350711535432770224299694353523737707765316723860296101857915810820919836049843758609551916599308497532159790297603988
25759730792305184467169787943127947291747915679327126368319189913209250389276989315517569955476233050485960298367592974889609460115301612688548128331473258758661635759271505775557779476776118567873953698719098904520560154317522852665725843856005174267590314890630246474971378
454296710141295554675945414750285462464937699059699432407384495712344050128981054284665626243595022738919364897645716212164190243156059244583937457653646156853256812644660107367904636492080701847357430961983729222180479736795806385145138820726840207443845725189064439526
9631876667691696445214068731348853438561228843270158486902587051178102160797141669481499031002097416446094434732873341380663937508578890457267480884391100776105258445648925470213342389284241459619911204790801303478037144450556778613174082163314911431248671360025044
5215083097930864647915636903929184358539946358090795896549104778140915285198868528713060925259172836320874397315995063468353688776211079332908025803340967814852780991978557891313900971024848936429273017194697377693898422893096252244584450764648253715673636967795718018794761287500766892
478295290541147355598213144021061669344184679238294178737160277751661539817469090400137118228824319349489718983778026515020907758163703490658240415454445447835322039266597682602308813997236327122612552416687435618576895866843910909797415460422278569230308970694835620654
13553084593490206227231041346505345357352505875724198383868444102728253817226880231042557664339852850626756002525251002737134997782811619805058588640781094006293523379648346333318547392485578225584661351730233824468812414390898883169686104178337323548102122192403884
012980153338667132224299584939855723101162423353845700688695733514306136583809208337465172078272705217160394761946306353971633585019369385299397763952790188085363164493394043513735263195962257900181419332618603000002573458234653567087552892575062538219237629265632709481195161833083277
371041047940904885235377102557074759925088339214401333491100757146953032927104519590218166159762710728424830058472671069621233521658334195365605983036632734910754736794667489279011203202429372202560150025818428937916044260147795136051093542361737627518639612714675390522410558
41297127710370937477561265117602854070723209246220138455722829924803469288450198461469476818219315236143299241579387187900693144827144256894984510702964139507028325577443006676599925795230600412301119053782334399291752614063848989987546486154750595484549233457949370595011
3921024219028314013804641974845812581945267023870817235489509777273372776070197195006375850032536007499066727339569029125015561645977102487066396835302822826559311833786157837182814026319020359429829427932453256179054848547104248601923171278315911805785436046993878715029736850027737746222805
221290540331636683370272537104769874868210814912923717773497608414533538013142407005583361179760162209018120236507884268405408941093352277729819798988321743317070731684797191980988912144220315955584858903171633621992313709337499294224084978526876479402722192469407486561498510463
051815872507924747727660982331443721557963520123325328864145514051003574867336885540116818751469460281719493384464007093791216676350719383673039213766938954089028875765146380284995150130873357379557985088959038014759460218696666989287031111523432869286190510263038
0375017267057030210705528419830801985306764846580495171066195531052868115631774152307278250884264795888656571631916468436094521924917541379224728500334622209596116797300027755665341032443686059286625313365864651982112194936848939117728942216154347358779599716481324
98734649455792754273402969931969508202858247523452921599184297592479317815806138152375703657239198875286457119436310718922369341321730341635445407707569610939730487902331506452189224267460414263429270401958362314412171600601114574758689047396338283220991440012006833
25314562671405091836824675722955816347794589052383809930817566740993974053785769191034939129913648941890704184304389054722606442616577239842200519623666720759162122085590069305995763079057392197324274999626790122206001476412633525524734899618434270524384508967558678496664
11512704847057463335425964983184201884445833420745281829311531678412954649595191275582037924734741781108412025320033022216907751905554778315523674648620165485837238966909928254802315777494579628302827243356910265830592864984683306078777791128391644553708170929005592262
01282347055219475866249431441336874227097128127378522269435383518604008703746179259704184430517040203620908318607189535630626260738213316312327763599607093552669696119420308063547575388604162466115224891772866215245637912118544746285525090750785032947230713454072
765124469400488010939325210221640429155088218829800458718754469967928345006752967830743887818647393235155848091853548305839364658687624970037166766359550560288883265364832839124204665729526529797531007782884181035360954143683725121176095061858706104753167630866546215150605966845914425
77988068580280878274636028395712071618874828071579660667028410717981150672940163306843630413867319545529026608672773167995048001511915473738808641819124009584965832684765229897685624996435205185545064332063065499196054085453029890080491243238747273345250571680561146273026
7736970123146367524130558316432225871861236384003800532774128307195145369057479316352416788631117732018543021660691973144061145664256089204790144460724428463186350974297434484847612103288123103580187627116822710068705739105199859766913993599244565489576166379384927646540790524887889241532
22747041410852712746754801587204232505932255632905463268469054852793798752473258540387644613594534873109641008601007253479689711433884289675787624221463854695185592756196766633807170099308491791969473536776826950333918692259747785555916931013303927253395182294596878701
07201319361147547467505251652102493105362168290412813950389353226728967436689558560289431957573470399953474899746192378320969896111014796924453797307136690794581170740438490666703827517966155678835242477351923114901881619059565719537867194461575698202452353710975095666
7196355602740688380867258882982219818496125352800759753802112345699192956714005141669296559325809638060487761732065122148748468976781006820077698634804387250758897196364586666701979825000771970966009628384998728707784134634780189526628566211994825218803269129137269687
790317758058604440998500032593445534272826338934946869640913067904157713246075661471605992407694834968738690371488550572328445789370813623052279140294758327613384152859436039705755459947380053296098884085176839447357626991696723853591481906085042484816933536440491955097
0645988934859175183303084826232659047883732289367447944800943115508100960221160197986444028959787785395380861872332927433513669063463476220084607103592019566652211400120914914612625427171162655369022864823460576481182704615236212732989321458591356938837193918170715336131563
226320822173610057106417576185255025269099870624989070319537876989599137597432689773345187399006379050228743236369786879044426904684157218897567361194243297528158281333685853419673506382676838600775560796481194601921937512711054884007581712263655271525502732068510716192032085913234792998630
58831097115783576533879310918704514710331376829953331727486971704480869810189240909576251914387129673781828679197708938438827636602792731955570756922494532950204584781210519770046496813702117244595829046334945070827731105069392619840456637046402671728179829189305157860
62892766930525984698102880679851096196680890085551989610298702426393946379242092042387232627799944757726743144302144106793207533742273247438930410854426905725498857542743350825357221267851629399824562624460051866102941184423352186703970252936583283314651921950802809
398590226971313867026180918455882080522053619603351100160356868448748003844436576882046041151975061168959800670383751369266347510074561908431086237506912249587575117688954716151020309018985473209346313278656065778680208567518907870538507917025777278948000766463165487151640092455051154280591818
4328659697573049961438269050335476506901538970906947171534972978112035706290392165345663312118956651691293494139081911308296200874662668457959414285957523451080631258598000334552144075338557903385781113350814771185870222336365170068381684327096757352288468462525414801502370970539910
6056934069578627511341333420995463391914082358660210636858000048753102555656159590498241590007999818640480574182863751659944609684217453142508546853725835761142084710279273055190594999033213846423375023042308273769109364505645250626194784544484114774747327734538335303026759468327236127
7887528399577867771781823135309777062689289777577222262285359289426862981194628469974542828045923074569798917122003277176455256629362423093887902518514045210952841809552668665671676208199887611124566733115966073453649952343274765556489680955999332166921145074226286135841200846826207866846781592489
870508911870257584048122667067874214059750918409229682178584382326821158505128836336887164038732063703827157191066459268368821014930116319779524141024584686068674312104249329739460126475804876386125712106833516892531062972987989983655698930170136663167674975621544
64512579871786185596915413452237313951941956035510737080582820759562785673085076814306987100481762637701918599940286257451084719918266770663896208348029876867396748263874586595044630507834249981894685071546816713877662346591387303783380090699731541722373615005906074022102359446060737766
9696589282729508090477050828124411371183641472463097661837482761061757723420787474234249145496592291100714458700830963437986710427695230864258863463693844251169915226226195115675645012686716601767642495759032691352717047832918690886455812982890631022492082091576893822374032698280066
56912372235154369642301336471722329356353928442052459911504548437845455734404697178264623125203889863948922079764988807658567746856690702539877336660947931674272848316831719817702425330218308567763015650945394975739962719617215878103143751349285294084705311292602616
